wagi1:1.4320216866001827, -2.0735800424068374, -0.790872097468597
wagi2:-1.0417587253804443, 0.7227932061906721, 2.494410845097721
wagi3:-2.1974946584205868, 4.4530985799345055, 3.9278449447291703
