wagi1:-4.470538243956601, -2.0441966905957822, -2.4755505488697613
wagi2:3.4408680123595476, 4.175481100584481, 1.0731757474986732
wagi3:-3.86033357957422, -3.5025093846860123, -3.196135896911728
