wagi1:-4.391719660751142, -4.493211023204232, -11.960287724744825
wagi2:14.727040516110115, -14.027006473911053, 12.446536286169742
wagi3:2.177610074365214, -8.764535809401536, 8.055631396501116
