wagi1:-0.8845808386474937, -0.12620163531631692, -4.1765927235413685
wagi2:-4.945545300031496, -4.897570876061472, 8.854109866285457
wagi3:-2.130662952187005, 4.020070411920838, -3.235814197104892
